1	0.99999999999928990135
1	0.99999976060693507307
1	0.99999999902636860227
1	0.72299288310435816385
1	0.92559538173547806217
1	0.99999994115945411988
1	0.99870645058594142984
1	0.99762524189304635502
1	0.99999999598927513667
1	0.99999980104082253352
1	0.99838624118290175691
1	0.99998402833224819819
1	0.83416698947857381707
1	0.99999999525994831551
1	0.93293009364824264207
1	0.99998242340385656846
1	0.99996316679210628386
1	0.99999992085562494637
1	0.99991961784232108457
1	0.99997056339306444883
1	0.99999998115632615647
1	0.99999999989008214740
1	0.99999999983542320336
1	0.99964967730548270897
1	0.99999983215018661831
1	0.99999974047510586939
1	0.93765694962353673958
1	0.99999455024978434192
1	0.86774664421305680584
1	0.97032389689832077018
1	0.99999950422874372968
1	0.88702336712054385970
1	0.99230339754463214863
1	0.94045029672474822480
1	0.99906664488935970070
1	0.99907886865186867897
1	0.96275891528197299341
0	0.34387839227432920319
1	0.92795377795564915058
1	0.99999999350958956867
1	0.99999957791969940057
1	0.99999472050768789533
1	0.99999999841760933705
1	0.99752175231807349576
1	0.99999990760015744495
1	0.99891810254901469701
1	0.99071325743210059134
1	0.98366394489651787225
1	0.99999990672613936482
1	0.99999990962534091032
1	0.99695607641484718098
1	0.99973686055590349486
1	0.99959889943093194198
1	0.99999684114389364442
1	0.78298104784064936901
1	0.64419659925767769337
1	0.88179045083282558970
1	0.99999960831834711072
1	0.98582631643147311529
1	0.99999870015475711416
1	0.81834936264400637285
1	0.99999997428927067666
1	0.97434329866105251483
1	0.99999986182861055894
1	0.95234571570862402989
1	0.90507906997989751030
1	0.99999326935075449896
1	0.99999983304107653570
1	0.99444891851982430975
1	0.80072975701293880313
1	0.99999996863881490672
1	0.98687939517836953396
1	0.99602915570194705541
1	0.99973823173035913925
1	0.99999999999945266005
1	0.64364650080706675705
0	0.20342864276271466206
1	0.89436948265146554160
1	0.98769275768261366455
1	0.99998353201360856701
1	0.99984971940285882752
1	0.99750562206713744295
1	0.99999999999999111822
1	0.94568802018931974462
1	0.99999236465738916557
1	0.99999999999998201439
1	0.99999931481545745182
1	0.99999991236879826051
1	0.99692877851752570439
1	0.99998251571279106464
1	0.99653697739984226089
1	0.99999999993665977804
1	0.89507152230241104895
1	0.99999999994924126945
1	0.99986512325956100611
1	0.99999968629951019317
1	0.99999999999380739801
1	0.99996047230353313218
1	0.99443566032159902424
1	0.99745988469184787562
1	0.99999999999928990135
1	0.72299288310435816385
1	0.99994112610920227180
1	0.99999997130570916770
1	0.99999999989534393841
1	0.99999999030740605033
1	0.77255715420339066135
1	0.99249766866295330292
1	0.99991961784232108457
1	0.99461613592767683656
1	0.51432564903558986025
1	0.97261615234465281787
1	0.99999950422874372968
1	0.88702336712054385970
1	0.99994007983906463277
1	0.99999926493577151465
1	0.99999977062354261648
1	0.99999999841760933705
1	0.99999482541471695907
1	0.98103843559472081459
1	0.99980522707286945128
1	0.87003589943766312942
1	0.99924331040975589158
1	0.99999998737369055757
1	0.99243165644908848400
1	0.99999047876244806510
1	0.99999684114389364442
1	0.97495397136372985436
1	0.99999219938662098350
1	0.99999999999663979899
1	0.99999969807033750602
1	0.99998925310422814849
1	0.98918723614849046744
1	0.99875640634434281750
1	0.99998755801399152876
1	0.98654031711651890557
1	0.99999999920009674526
1	0.99993847485904563399
1	0.99923186294175991851
1	0.99825028940335414074
1	0.99995887098386904146
1	0.99999999898529590148
1	0.99999163539982838245
1	0.80918323604041686448
1	0.99986512325956100611
1	0.99743891700831210922
1	0.72059689515062008702
1	0.99999999999999689138
1	0.99884157185341226892
1	0.99999999999976929566
1	0.99998122138006972914
1	0.99909584875803914006
1	0.93232948662517156624
1	0.99998866614508807871
1	0.99999393956244142512
1	0.99996875394967688067
1	0.91199393182596111274
1	0.92173710305208700344
1	0.99999997554310982029
1	0.99999998414794144530
1	0.99999999986218668369
1	0.99311134916157273178
1	0.99212296643200659219
1	0.99999841554235924246
1	0.99999999999986810550
1	0.99915486474294257224
1	0.99899796623725733991
1	0.99999999966555397357
1	0.99999999999993272048
1	1.00000000000000000000
1	0.94015298696149329771
1	0.99999236445654371419
1	0.99999998312931326350
1	0.99999121699236637184
1	0.95912869200335726383
1	0.98823334239340465679
1	0.83233421992320910654
1	0.99999999882195123035
1	0.99999999999738209411
1	0.99999981513080804518
1	0.99150761027835665473
1	0.99999999923624449671
1	0.99999014671741570659
1	0.99999999999998023803
1	0.99108026125790393834
1	0.99999860034934873187
1	0.99990575189269614853
1	0.99999999073644219028
1	0.99902684853109702257
1	0.99999993517258056741
1	0.99981106058071267384
1	0.99999664952899736114
1	0.98258975425485772792
1	0.69475208469215754548
1	0.87149599077966044547
1	0.56975652191381020994
1	0.99999960831834711072
1	0.95980553296281378994
1	0.85254242604057084431
1	0.99982013835073724195
1	0.99333643973371998914
1	0.99981762595184187070
1	0.99998975850582894065
0	0.44454550209331777921
1	0.99615198607451527213
1	0.99975546380006485858
1	0.99977052187357107194
1	0.99999993528050623581
1	0.99971653979872832085
1	0.79131527658438705064
1	0.98011279080011393106
1	0.96268723033237191267
1	0.99447328820446256881
1	0.88930848026192821365
1	0.99999964795446594223
1	0.99999163154092152173
1	0.99999570989013875089
1	0.99992101863198823430
1	0.90773707390257485361
1	0.86774664421305680584
1	0.99993829964231273344
1	0.99999999706120212828
1	0.99938124216931900623
1	0.99999673827709334439
1	0.99296889325706105822
1	0.99999999935502614790
1	0.99956928236460507176
1	0.99768681520801483220
1	0.96432932360102807667
1	0.99952696082376724096
1	0.99954566440555470130
1	0.99769769888995329943
1	0.99999965862727946408
1	0.99949006301336063007
1	0.94152860785742586991
1	0.95110155272615160005
0	0.29109998687556615238
1	0.94851147566703952752
1	0.96874345788394222723
1	0.98016271890328487970
1	1.00000000000000000000
1	0.99644557305030123651
1	0.99901308021398549375
1	0.59857570063891285539
1	0.94989221600709972115
1	0.99999947088367813208
1	0.99908323550440447658
1	0.85781352663068066722
1	0.99999832095140173127
1	0.99984562390410547383
1	0.99997857462541495099
1	0.99998832175029117586
1	0.96467305608988451748
1	0.99989429448496791597
1	0.99961679751956045159
1	0.98637269196867893850
1	0.99296189515566157802
1	0.90557255936750102876
0	0.49137690111232446011
1	0.99999999993680965815
1	0.92677237886964258795
1	0.53077160381352794793
1	0.94637151111098460898
1	0.99999995776058003827
1	0.74632680445959065363
1	0.98753898465250111727
1	0.99998002294808263635
1	0.99998852188662956664
1	0.93709319478402042236
1	0.99999821310326519885
1	0.99999998122675493040
1	0.99913890435263263967
0	0.43720291510126124690
1	0.99995434939961636012
1	0.99999999988892196434
1	0.99999841554235924246
1	0.99180123978059087086
1	0.65575360081757572139
1	0.99996419219265431089
1	0.99741932459434101688
1	0.99740892454950369483
1	0.99953586052903520276
1	0.95410332794555452463
1	0.99983781285328376942
1	0.97938586884657585774
1	0.70798727683344420125
1	0.99999729713305529621
1	0.99998514883475320136
1	0.99997689802315126162
1	0.92597831305052002993
0	0.43951065759836099867
1	0.83732048086639043749
1	0.99999985624226872538
1	0.99999999665153072037
1	0.99689136967089109209
1	0.99907064371000520175
1	0.99964471470261018204
1	0.99982013835073724195
1	0.99999859281926339882
1	0.99998975850582894065
1	0.79451165652546140716
1	0.97857740350356214876
1	0.99999818609908541767
1	0.98237237089199735962
1	0.99993258676777507787
1	0.99978257471290987723
1	0.99977964249724193824
1	0.99999088289971582721
1	0.51289040170321731349
1	0.88357330304116077357
1	0.99815182544152358801
1	0.99999441256968124581
1	0.93681667368580101574
1	0.99195444297806933953
1	0.98560073418156357583
1	0.99999376358904656925
1	0.91589084740789694639
1	0.99999163154092152173
1	0.99999570989013875089
1	0.99961890981243484156
1	0.77559309966764333755
1	0.73389634297107630978
1	0.96720521898070055400
1	0.86116626869204015993
1	0.99938124216931900623
1	0.99189572308507412135
0	0.20637290152165468915
1	0.58732968555990427983
1	0.95719650539528755573
1	0.99895587435728150361
1	0.99768681520801483220
1	0.98658554884230376114
1	0.95990839098946634245
1	0.67064303864138585798
1	0.99999982913278773200
1	0.97055631199347691673
1	0.98756989976295195266
1	0.99535251921573331124
1	0.99113293418741066354
1	0.96835879561427407047
1	0.76875995501911464913
1	0.97856090020085484404
1	0.98287248580717767599
0	0.31816968018666819118
1	0.99761257392445212844
1	0.98668559496176921897
1	0.94851147566703952752
1	0.80297469382492281387
1	0.99122938352666001283
1	0.99999870015475711416
1	0.99943111023513653279
1	0.59278252645089557493
1	0.50518559522753847535
1	0.99268869787845326336
1	0.99901308021398549375
1	0.59857570063891285539
1	0.99734653646408766292
1	0.94606974566595503084
1	0.99999269577778726603
1	0.73745072810449718848
1	0.99998292274055033957
1	0.99999828346615582397
1	0.96160484175302796128
1	0.65575913056878909480
1	0.99977052187357107194
1	0.99255757654320309058
1	0.98058621106717724913
1	0.99995992201713068681
1	0.98637269196867893850
1	0.99968251148523867844
1	0.99909065561677690148
1	0.99153124933376457495
1	0.88649250569857895865
1	0.95135130670906642436
1	0.98942734650096642035
1	0.99979947539337876705
1	0.99283096137678128468
1	0.99999999996391553125
1	0.73842011504561522184
1	0.80469536763612103947
0	0.17352172990909095485
1	0.99999996615268083033
1	0.98895739071945809595
1	0.99993128768829497854
1	0.99966144672664292159
1	0.99480902207867205611
1	0.99567448625646892690
1	0.87433332020256615547
0	0.43720291510126124690
1	0.99999999999738209411
1	0.99999895513838532590
1	0.99999841554235924246
1	0.86059850614563870863
1	0.90685925091911800955
1	0.99980433059548445840
0	0.10146070493721764949
1	0.72901519892449884175
1	0.85254242604057084431
1	0.76101074346276176286
1	0.99998975850582894065
0	0.09129435556006451624
1	0.99934349864051297274
1	0.97816406285713830560
1	0.99993258676777507787
1	0.72330403535077303356
1	0.51289040170321731349
1	0.99971653979872832085
1	0.81473734174584078183
1	0.99998118857492113154
0	0.46844976145489319874
1	0.99981762595184187070
1	0.99997056339306444883
1	0.71233325097322675035
1	0.70798727683344420125
1	0.85579321782663964058
1	0.99984832431894277160
1	0.99999557490230206458
1	0.96968087207581799003
1	0.99464148880346225923
1	0.70901821078164950496
1	0.86116626869204015993
1	0.97137397241908307599
1	0.96041578100779179117
1	0.98030597810534925163
1	0.95719650539528755573
1	0.85354230402577224712
1	0.96432932360102807667
1	0.67064303864138585798
1	0.97226097776667386174
1	0.99999723385798733322
1	0.99071325743210059134
1	0.99999413540477044560
0	0.12956572187151285669
1	0.53459863820922604027
1	0.94348124672719624328
1	0.99999269146337876890
0	0.12311496013476606881
0	0.40771264572106979962
1	0.99999999963172769846
1	0.99881230054776326543
1	0.99901308021398549375
1	0.73730405250521546812
1	0.96860954070000737648
1	0.99734653646408766292
1	0.99999947088367813208
1	0.99522103549263163380
1	0.99999828346615582397
1	0.99999999380731008358
0	0.24825138848438463302
1	0.99791389963145471498
1	0.99997512995626458565
1	0.98637269196867893850
1	0.96898278633792966907
1	0.97656182972292349120
1	0.79131527658438705064
1	0.99998251571279106464
1	0.84030990202447719550
1	0.98895739071945809595
0	0.02374323452790968320
1	0.72059689515062008702
1	0.99701962931127852130
1	0.99494651838902625762
1	0.99999821310326519885
1	0.99634543994029700631
1	0.99994213251070429571
0	0.38376319731291930193
1	0.93099935865148675251
0	0.43720291510126124690
1	0.99718652955421227535
1	0.89432351130924336857
0	0.46873230524718251244
1	0.99893136542582239290
1	0.81689611420228924743
1	0.99740892454950369483
1	0.99266353851994726387
0	0.40882391797460188032
1	0.86207099879155213440
1	0.67557631413634322559
1	0.99998956832175622811
1	0.99999985582876982360
1	0.99888535862651095520
1	0.99587888174681471476
1	0.88409038822564256499
1	0.99728127038954061945
1	0.88147926252759489785
1	0.99984609846818617296
1	0.99915486474294257224
1	0.94996509627318592717
1	0.91249326935320773657
1	0.89988466678948719757
1	0.99991989884871002037
1	0.92096327344170858531
1	0.65498971971405695047
1	0.99999963140567049713
0	0.32871699967287704158
